       2.604167    6.51887E-08
       2.603489    6.65013E-08
       2.602811    1.21961E-07
       2.602134    1.07418E-07
       2.601457    5.96327E-08
       2.600780    1.15967E-07
       2.600104    1.40935E-07
       2.599428    1.72621E-07
       2.598752    1.73687E-07
       2.598078    1.17512E-07
       2.597403    7.81931E-08
       2.596728    9.15343E-08
       2.596054    4.92695E-08
       2.595380    6.60261E-08
       2.594707    3.73430E-08
       2.594034    6.59419E-08
       2.593361    1.01664E-07
       2.592689    7.01824E-08
       2.592017    1.28796E-07
       2.591345    1.45436E-07
       2.590674    1.63139E-07
       2.590003    1.25304E-07
       2.589332    6.69917E-08
       2.588662    9.68037E-08
       2.587992    8.27464E-08
       2.587322    5.74837E-08
       2.586653    9.15259E-08
       2.585984    1.43191E-07
       2.585315    1.26654E-07
       2.584647    6.70636E-08
       2.583979    5.52000E-08
       2.583312    7.51673E-08
       2.582645    1.37922E-07
       2.581978    1.32056E-07
       2.581311    5.75146E-08
       2.580645    1.12660E-07
       2.579979    1.71414E-07
       2.579314    1.78421E-07
       2.578649    1.99201E-07
       2.577984    1.57807E-07
       2.577320    5.72743E-08
       2.576655    8.49230E-08
       2.575992    1.49982E-07
       2.575328    1.08779E-07
       2.574665    1.31740E-07
       2.574003    1.06581E-07
       2.573340    6.01376E-08
       2.572678    1.36637E-07
       2.572016    1.85916E-07
       2.571355    1.95946E-07
       2.570694    1.46840E-07
       2.570033    6.80066E-08
       2.569373    8.29763E-08
       2.568713    1.16965E-07
       2.568053    1.16708E-07
       2.567394    2.11435E-07
       2.566735    2.35842E-07
       2.566077    2.00580E-07
       2.565418    9.77960E-08
       2.564760    6.42448E-08
       2.564103    1.18464E-07
       2.563445    1.35614E-07
       2.562788    6.63939E-08
       2.562132    1.23982E-07
       2.561476    6.12220E-08
       2.560819    9.42417E-08
       2.560164    8.93038E-08
       2.559509    2.01799E-07
       2.558854    2.79397E-07
       2.558199    3.04027E-07
       2.557545    3.15454E-07
       2.556891    4.95705E-07
       2.556237    7.53705E-07
       2.555584    3.92108E-07
       2.554931    3.07601E-07
       2.554278    3.67409E-07
       2.553626    1.29495E-07
       2.552974    9.18463E-08
       2.552323    1.99943E-07
       2.551671    2.40395E-07
       2.551020    1.05926E-07
       2.550370    2.27495E-07
       2.549720    3.07725E-07
       2.549070    1.64766E-07
       2.548420    1.22871E-07
       2.547771    8.95109E-08
       2.547122    2.12301E-07
       2.546473    3.52158E-07
       2.545825    2.29385E-07
       2.545177    1.30068E-07
       2.544529    1.72995E-07
       2.543882    1.62493E-07
       2.543235    1.23439E-07
       2.542588    1.52098E-07
       2.541942    2.07848E-07
       2.541296    3.53296E-07
       2.540650    4.09067E-06
       2.540005    1.33245E-05
       2.539360    4.38893E-07
       2.538715    1.01868E-06
       2.538071    3.12923E-06
       2.537427    7.64665E-07
       2.536783    2.18596E-07
       2.536140    1.08319E-07
       2.535497    2.26193E-07
       2.534854    1.99338E-06
       2.534212    8.49663E-06
       2.533570    2.09395E-07
       2.532928    2.34141E-07
       2.532287    2.81631E-07
       2.531646    1.23781E-07
       2.531005    2.43157E-07
       2.530364    6.55333E-07
       2.529724    1.82642E-07
       2.529084    5.74735E-06
       2.528445    6.92149E-06
       2.527806    1.02391E-05
       2.527167    5.18638E-07
       2.526529    1.06204E-06
       2.525890    1.50873E-05
       2.525253    8.50721E-06
       2.524615    1.57272E-05
       2.523978    2.29398E-07
       2.523341    9.49908E-05
       2.522704    4.34370E-05
       2.522068    3.44736E-05
       2.521432    2.34274E-04
       2.520797    2.16883E-04
       2.520161    5.35273E-05
       2.519526    1.74691E-06
       2.518892    7.17580E-05
       2.518257    5.66240E-05
       2.517623    5.81071E-07
       2.516990    1.36222E-06
       2.516356    4.72459E-07
       2.515723    3.71188E-06
       2.515090    1.05880E-05
       2.514458    8.95636E-05
       2.513826    3.79460E-04
       2.513194    1.28931E-04
       2.512563    2.11972E-05
       2.511932    1.00531E-04
       2.511301    9.42849E-06
       2.510670    1.60164E-05
       2.510040    3.35958E-04
       2.509410    1.07200E-04
       2.508781    1.52437E-04
       2.508152    5.87123E-04
       2.507523    6.01324E-04
       2.506894    2.21184E-04
       2.506266    1.57594E-05
       2.505638    1.71575E-05
       2.505010    2.65831E-04
       2.504383    9.89039E-05
       2.503756    1.92586E-04
       2.503129    3.96227E-07
       2.502502    2.14182E-04
       2.501876    3.59779E-04
       2.501251    6.72256E-04
       2.500625    4.41202E-04
       2.500000    4.06216E-04
       2.499375    3.37566E-04
       2.498751    7.39822E-04
       2.498127    3.16696E-04
       2.497503    4.65326E-04
       2.496879    2.41626E-04
       2.496256    5.24581E-04
       2.495633    2.96633E-04
       2.495010    1.56156E-05
       2.494388    5.98613E-06
       2.493766    2.85721E-04
       2.493144    1.88112E-04
       2.492522    2.32290E-04
       2.491901    1.12090E-04
       2.491281    3.19014E-04
       2.490660    3.06320E-04
       2.490040    5.50294E-04
       2.489420    1.66786E-04
       2.488800    3.28629E-04
       2.488181    8.91405E-06
       2.487562    9.99692E-05
       2.486943    1.96526E-04
       2.486325    5.20904E-04
       2.485707    7.18834E-04
       2.485090    4.47153E-04
       2.484472    1.70874E-05
       2.483855    1.20858E-04
       2.483238    4.49862E-04
       2.482622    6.26037E-04
       2.482005    5.03095E-04
       2.481390    1.09106E-04
       2.480774    1.56846E-04
       2.480159    4.82194E-04
       2.479544    4.73487E-04
       2.478929    6.88243E-04
       2.478315    4.44002E-04
       2.477701    5.71788E-04
       2.477087    8.97658E-04
       2.476474    1.05587E-03
       2.475860    7.36837E-04
       2.475248    6.04850E-04
       2.474635    9.25163E-04
       2.474023    8.19973E-04
       2.473411    2.63084E-04
       2.472799    1.66635E-05
       2.472188    3.88912E-07
       2.471577    3.37290E-04
       2.470966    7.82420E-04
       2.470356    8.76662E-04
       2.469746    1.02108E-03
       2.469136    9.39932E-04
       2.468526    8.07526E-04
       2.467917    3.59019E-04
       2.467308    9.84260E-04
       2.466700    1.10765E-03
       2.466091    9.51291E-04
       2.465483    1.15969E-03
       2.464875    1.05980E-03
       2.464268    6.47634E-04
       2.463661    8.86526E-04
       2.463054    1.25975E-04
       2.462448    1.55220E-04
       2.461841    8.90735E-04
       2.461236    1.03804E-03
       2.460630    1.18590E-03
       2.460025    1.14872E-03
       2.459419    1.05623E-03
       2.458815    1.17492E-03
       2.458210    1.18275E-03
       2.457606    1.16290E-03
       2.457002    1.11363E-03
       2.456399    9.94924E-04
       2.455796    1.13768E-03
       2.455193    8.54738E-04
       2.454590    2.24674E-04
       2.453988    4.95571E-04
       2.453386    8.90380E-04
       2.452784    1.01380E-03
       2.452183    6.78743E-04
       2.451581    1.06805E-04
       2.450980    2.22828E-04
       2.450380    2.03546E-04
       2.449780    6.04447E-04
       2.449179    1.08722E-03
       2.448580    1.03197E-03
       2.447980    4.68751E-04
       2.447381    2.60219E-04
       2.446783    5.78857E-04
       2.446184    2.77200E-05
       2.445586    4.68508E-04
       2.444988    1.03846E-03
       2.444390    1.15050E-03
       2.443793    1.18304E-03
       2.443196    9.10337E-04
       2.442599    7.89393E-04
       2.442003    1.22977E-03
       2.441406    1.27149E-03
       2.440810    1.25906E-03
       2.440215    1.23946E-03
       2.439619    1.27769E-03
       2.439024    1.23728E-03
       2.438430    1.21757E-03
       2.437835    1.14830E-03
       2.437241    1.02972E-03
       2.436647    2.55385E-04
       2.436054    1.21160E-04
       2.435460    8.83794E-06
       2.434867    3.33255E-04
       2.434275    9.90681E-04
       2.433682    9.69799E-04
       2.433090    5.16283E-04
       2.432498    1.08714E-03
       2.431907    1.26639E-03
       2.431315    1.26665E-03
       2.430724    1.28686E-03
       2.430134    1.22676E-03
       2.429543    1.20695E-03
       2.428953    1.23225E-03
       2.428363    1.31483E-03
       2.427774    1.18102E-03
       2.427185    1.23624E-03
       2.426595    5.29123E-04
       2.426007    1.01813E-03
       2.425418    1.19577E-03
       2.424830    9.87156E-04
       2.424242    4.41074E-04
       2.423655    1.14882E-03
       2.423068    1.22979E-03
       2.422481    1.20605E-03
       2.421894    9.28622E-04
       2.421308    1.27013E-03
       2.420721    1.24421E-03
       2.420135    1.11988E-03
       2.419550    3.38597E-04
       2.418965    2.15858E-04
       2.418380    3.58675E-04
       2.417795    1.10337E-03
       2.417211    1.15493E-03
       2.416626    8.36189E-04
       2.416043    1.02561E-04
       2.415459    9.14156E-04
       2.414876    1.09962E-03
       2.414293    4.98430E-04
       2.413710    9.13845E-04
       2.413127    1.30431E-03
       2.412545    1.10101E-03
       2.411963    7.57739E-04
       2.411382    1.22366E-03
       2.410800    1.33701E-03
       2.410219    1.04578E-03
       2.409639    5.20538E-04
       2.409058    1.22527E-03
       2.408478    1.34107E-03
       2.407898    6.30281E-04
       2.407318    9.25534E-04
       2.406739    6.23818E-04
       2.406160    1.05295E-03
       2.405581    1.15719E-03
       2.405002    1.23897E-03
       2.404424    2.99978E-04
       2.403846    1.04791E-03
       2.403268    1.23379E-03
       2.402691    1.38006E-03
       2.402114    1.25531E-03
       2.401537    1.24053E-03
       2.400960    1.34689E-03
       2.400384    7.53764E-04
       2.399808    1.27906E-03
       2.399232    1.23727E-03
       2.398657    1.34062E-03
       2.398082    1.20999E-03
       2.397506    8.99758E-04
       2.396932    4.62318E-04
       2.396358    1.10276E-03
       2.395783    1.18783E-03
       2.395210    1.31241E-03
       2.394636    9.89737E-04
       2.394063    1.19578E-03
       2.393490    1.24770E-03
       2.392917    1.21961E-03
       2.392344    1.26559E-03
       2.391772    4.09846E-04
       2.391200    8.96367E-04
       2.390629    1.27564E-03
       2.390057    1.07405E-03
       2.389486    1.25719E-03
       2.388916    1.36587E-03
       2.388345    6.33327E-04
       2.387775    1.04851E-03
       2.387205    1.24163E-03
       2.386635    8.86708E-04
       2.386065    6.03962E-04
       2.385496    1.22103E-03
       2.384927    1.28054E-03
       2.384359    8.49667E-04
       2.383790    4.03334E-04
       2.383222    5.29566E-04
       2.382654    1.22292E-03
       2.382087    1.37287E-03
       2.381519    1.40268E-03
       2.380952    1.17442E-03
       2.380386    9.88844E-04
       2.379819    1.09099E-03
       2.379253    1.33130E-03
       2.378687    1.28006E-03
       2.378121    5.44160E-04
       2.377556    1.19844E-03
       2.376991    8.51818E-04
       2.376426    7.27726E-04
       2.375861    1.33681E-03
       2.375297    1.28060E-03
       2.374733    1.15411E-03
       2.374169    1.35278E-03
       2.373605    1.11089E-03
       2.373042    1.04509E-03
       2.372479    9.02729E-04
       2.371917    6.29433E-04
       2.371354    3.60025E-04
       2.370792    3.30594E-04
       2.370230    5.14274E-04
       2.369668    1.30508E-03
       2.369107    9.05116E-04
       2.368546    1.21327E-03
       2.367985    1.19883E-03
       2.367424    7.32392E-04
       2.366864    1.44525E-03
       2.366304    1.18481E-03
       2.365744    1.48610E-03
       2.365185    1.46126E-03
       2.364625    1.22326E-03
       2.364066    8.07306E-04
       2.363508    1.33972E-03
       2.362949    1.46023E-03
       2.362391    1.48878E-03
       2.361833    9.69420E-04
       2.361275    1.47607E-03
       2.360718    1.47935E-03
       2.360161    1.47383E-03
       2.359604    1.50818E-03
       2.359047    9.28567E-04
       2.358490    6.70897E-04
       2.357934    1.31754E-03
       2.357378    1.25741E-03
       2.356823    1.26266E-03
       2.356268    1.03173E-03
       2.355713    8.99865E-04
       2.355158    1.26957E-03
       2.354603    1.32053E-03
       2.354049    1.41268E-03
       2.353495    8.38090E-04
       2.352941    1.35564E-03
       2.352388    6.50914E-04
       2.351835    6.46746E-04
       2.351281    1.39974E-03
       2.350729    7.40103E-04
       2.350176    1.07179E-03
       2.349624    1.17346E-03
       2.349072    1.22944E-03
       2.348521    1.21434E-03
       2.347969    9.96469E-04
       2.347418    1.05824E-03
       2.346867    1.17040E-03
       2.346316    1.34335E-03
       2.345766    1.23663E-03
       2.345216    1.08994E-03
       2.344666    1.12990E-03
       2.344116    1.41556E-03
       2.343567    1.21838E-03
       2.343018    1.37496E-03
       2.342469    1.41287E-03
       2.341920    1.11693E-03
       2.341372    1.00449E-03
       2.340824    1.21035E-03
       2.340276    8.11337E-04
       2.339729    1.02581E-03
       2.339181    1.44153E-03
       2.338634    1.12569E-03
       2.338088    1.20347E-03
       2.337541    1.47588E-03
       2.336995    1.49522E-03
       2.336449    1.43907E-03
       2.335903    1.31931E-03
       2.335357    1.32127E-03
       2.334812    1.31280E-03
       2.334267    1.43751E-03
       2.333722    1.34969E-03
       2.333178    1.55399E-03
       2.332633    1.45939E-03
       2.332090    1.35785E-03
       2.331546    1.23839E-03
       2.331002    1.34309E-03
       2.330459    1.52386E-03
       2.329916    1.59819E-03
       2.329373    1.43088E-03
       2.328831    1.40403E-03
       2.328289    1.04257E-03
       2.327747    1.54201E-03
       2.327205    1.58424E-03
       2.326663    1.40322E-03
       2.326122    1.55564E-03
       2.325581    1.24600E-03
       2.325041    1.50846E-03
       2.324500    1.55447E-03
       2.323960    1.34658E-03
       2.323420    1.23741E-03
       2.322880    1.19550E-03
       2.322341    1.34133E-03
       2.321802    1.12817E-03
       2.321263    1.45680E-03
       2.320724    1.37037E-03
       2.320186    1.39290E-03
       2.319647    1.26212E-03
       2.319109    1.36944E-03
       2.318572    1.08932E-03
       2.318034    8.56393E-04
       2.317497    9.82197E-04
       2.316960    6.10369E-04
       2.316423    1.02008E-03
       2.315887    1.30540E-03
       2.315351    1.65100E-03
       2.314815    1.61343E-03
       2.314279    1.67210E-03
       2.313744    1.67187E-03
       2.313208    1.68554E-03
       2.312674    1.68371E-03
       2.312139    1.49859E-03
       2.311604    1.63083E-03
       2.311070    1.68608E-03
       2.310536    1.66513E-03
       2.310002    1.56191E-03
       2.309469    1.48378E-03
       2.308936    1.55114E-03
       2.308403    1.62666E-03
       2.307870    1.44672E-03
       2.307337    1.30629E-03
       2.306805    1.41787E-03
       2.306273    1.50115E-03
       2.305741    1.51544E-03
       2.305210    1.50176E-03
       2.304678    1.17697E-03
       2.304147    1.36179E-03
       2.303617    1.27473E-03
       2.303086    1.59827E-03
       2.302556    1.42643E-03
       2.302026    1.44660E-03
       2.301496    1.61372E-03
       2.300967    1.27364E-03
       2.300437    1.26497E-03
       2.299908    1.45095E-03
       2.299379    1.34318E-03
       2.298851    1.35212E-03
       2.298322    1.12557E-03
       2.297794    1.55113E-03
       2.297266    1.65045E-03
       2.296739    1.49920E-03
       2.296211    1.35687E-03
       2.295684    1.29266E-03
       2.295157    1.42505E-03
       2.294631    1.34050E-03
       2.294104    1.46877E-03
       2.293578    1.45103E-03
       2.293052    1.64388E-03
       2.292526    1.26304E-03
       2.292001    1.57773E-03
       2.291476    1.59794E-03
       2.290951    1.53831E-03
       2.290426    1.45129E-03
       2.289901    1.08511E-03
       2.289377    1.32795E-03
       2.288853    1.68855E-03
       2.288330    1.62092E-03
       2.287806    1.59002E-03
       2.287283    1.70967E-03
       2.286760    1.58586E-03
       2.286237    1.71832E-03
       2.285714    1.65596E-03
       2.285192    1.27490E-03
       2.284670    1.71402E-03
       2.284148    1.18035E-03
       2.283626    1.63884E-03
       2.283105    1.14174E-03
       2.282584    1.33053E-03
       2.282063    1.64503E-03
       2.281542    1.61748E-03
       2.281022    1.21369E-03
       2.280502    1.49859E-03
       2.279982    1.74428E-03
       2.279462    1.74494E-03
       2.278943    1.71581E-03
       2.278423    1.63532E-03
       2.277904    1.73634E-03
       2.277385    1.43865E-03
       2.276867    1.64972E-03
       2.276349    1.46273E-03
       2.275831    1.11885E-03
       2.275313    1.31511E-03
       2.274795    1.57072E-03
       2.274278    1.74533E-03
       2.273761    1.60712E-03
       2.273244    1.75179E-03
       2.272727    1.55827E-03
       2.272211    1.40097E-03
       2.271695    1.62199E-03
       2.271179    1.75796E-03
       2.270663    1.53304E-03
       2.270148    1.55673E-03
       2.269632    1.71473E-03
       2.269117    1.57222E-03
       2.268603    1.25781E-03
       2.268088    1.44697E-03
       2.267574    1.61600E-03
       2.267060    1.74087E-03
       2.266546    1.78011E-03
       2.266032    1.75365E-03
       2.265519    1.75716E-03
       2.265006    1.52784E-03
       2.264493    1.40137E-03
       2.263980    1.53731E-03
       2.263468    1.58541E-03
       2.262955    1.78500E-03
       2.262444    1.43529E-03
       2.261932    1.26051E-03
       2.261420    1.63946E-03
       2.260909    1.41203E-03
       2.260398    1.64956E-03
       2.259887    1.71282E-03
       2.259377    1.74564E-03
       2.258866    1.79813E-03
       2.258356    1.62800E-03
       2.257846    1.70804E-03
       2.257336    1.61729E-03
       2.256827    1.39537E-03
       2.256318    1.72970E-03
       2.255809    1.54742E-03
       2.255300    1.64826E-03
       2.254791    1.73943E-03
       2.254283    1.44092E-03
       2.253775    1.66307E-03
       2.253267    1.69231E-03
       2.252760    1.77035E-03
       2.252252    1.65581E-03
       2.251745    1.79261E-03
       2.251238    1.77422E-03
       2.250731    1.63276E-03
       2.250225    1.74818E-03
       2.249719    1.72153E-03
       2.249213    1.78315E-03
       2.248707    1.79805E-03
       2.248201    1.80587E-03
       2.247696    1.78101E-03
       2.247191    1.40414E-03
       2.246686    1.65043E-03
       2.246181    1.60973E-03
       2.245677    1.81795E-03
       2.245173    1.84523E-03
       2.244669    1.87625E-03
       2.244165    1.54831E-03
       2.243662    1.74350E-03
       2.243158    1.79707E-03
       2.242655    1.76091E-03
       2.242152    1.87403E-03
       2.241650    1.67462E-03
       2.241148    1.78441E-03
       2.240645    1.81310E-03
       2.240143    1.69914E-03
       2.239642    1.78946E-03
       2.239140    1.84054E-03
       2.238639    1.85922E-03
       2.238138    1.68331E-03
       2.237637    1.73220E-03
       2.237136    1.85298E-03
       2.236636    1.72848E-03
       2.236136    1.76428E-03
       2.235636    1.85816E-03
       2.235136    1.83730E-03
       2.234637    1.87226E-03
       2.234138    1.86706E-03
       2.233639    1.75373E-03
       2.233140    1.88036E-03
       2.232641    1.75052E-03
       2.232143    1.74692E-03
       2.231645    1.64781E-03
       2.231147    1.86766E-03
       2.230649    1.86545E-03
       2.230152    1.89523E-03
       2.229654    1.92410E-03
       2.229157    1.89174E-03
       2.228661    1.90542E-03
       2.228164    1.87995E-03
       2.227668    1.87908E-03
       2.227171    1.71811E-03
       2.226676    1.73045E-03
       2.226180    1.88300E-03
       2.225684    1.86295E-03
       2.225189    1.80904E-03
       2.224694    1.91122E-03
       2.224199    1.92263E-03
       2.223705    1.91522E-03
       2.223210    1.92456E-03
       2.222716    1.92143E-03
       2.222222    1.94016E-03
       2.221729    1.73716E-03
       2.221235    1.80022E-03
       2.220742    1.90849E-03
       2.220249    1.95583E-03
       2.219756    1.93626E-03
       2.219263    1.96367E-03
       2.218771    1.94000E-03
       2.218279    1.92024E-03
       2.217787    1.92572E-03
       2.217295    1.94724E-03
       2.216803    1.81197E-03
       2.216312    1.78004E-03
       2.215821    1.71067E-03
       2.215330    1.96896E-03
       2.214839    1.83830E-03
       2.214349    1.96926E-03
       2.213859    1.97051E-03
       2.213369    1.98530E-03
       2.212879    1.97901E-03
       2.212389    1.99140E-03
       2.211900    1.98961E-03
       2.211411    1.93711E-03
       2.210922    1.95567E-03
       2.210433    1.91890E-03
       2.209945    1.98269E-03
       2.209456    1.96571E-03
       2.208968    1.97551E-03
       2.208481    1.96777E-03
       2.207993    1.93912E-03
       2.207505    1.83582E-03
       2.207018    1.92502E-03
       2.206531    1.82296E-03
       2.206045    1.90255E-03
       2.205558    1.88650E-03
       2.205072    1.52763E-03
       2.204586    1.82455E-03
       2.204100    1.85572E-03
       2.203614    1.96465E-03
       2.203128    1.87211E-03
       2.202643    1.82105E-03
       2.202158    1.75003E-03
       2.201673    1.78035E-03
       2.201189    1.93789E-03
       2.200704    1.66787E-03
       2.200220    1.44264E-03
       2.199736    1.60597E-03
       2.199252    1.78407E-03
       2.198769    1.89916E-03
       2.198285    1.48729E-03
       2.197802    2.00847E-03
       2.197319    1.99769E-03
       2.196836    1.95911E-03
       2.196354    1.97783E-03
       2.195872    2.03519E-03
       2.195390    2.03252E-03
       2.194908    1.77387E-03
       2.194426    1.84956E-03
       2.193945    2.05105E-03
       2.193464    2.05790E-03
       2.192982    2.05842E-03
       2.192502    2.05672E-03
       2.192021    2.06699E-03
       2.191541    2.06560E-03
       2.191061    2.05483E-03
       2.190581    1.86217E-03
       2.190101    2.04352E-03
       2.189621    1.95401E-03
       2.189142    2.01334E-03
       2.188663    2.01522E-03
       2.188184    1.86858E-03
       2.187705    1.89715E-03
       2.187227    1.93378E-03
       2.186748    2.07200E-03
       2.186270    2.08277E-03
       2.185792    2.07454E-03
       2.185315    2.00219E-03
       2.184837    1.47413E-03
       2.184360    2.04267E-03
       2.183883    1.93867E-03
       2.183406    1.59092E-03
       2.182930    1.96708E-03
       2.182453    2.05797E-03
       2.181977    2.07083E-03
       2.181501    2.07745E-03
       2.181025    2.09270E-03
       2.180549    2.09926E-03
       2.180074    2.09730E-03
       2.179599    1.99828E-03
       2.179124    1.87412E-03
       2.178649    1.89129E-03
       2.178175    1.97708E-03
       2.177700    2.06210E-03
       2.177226    2.08374E-03
       2.176752    2.08644E-03
       2.176279    1.85072E-03
       2.175805    2.08253E-03
       2.175332    2.05899E-03
       2.174859    2.06215E-03
       2.174386    1.89068E-03
       2.173913    2.03127E-03
       2.173440    2.10226E-03
       2.172968    1.99553E-03
       2.172496    1.91888E-03
       2.172024    2.09298E-03
       2.171553    2.09442E-03
       2.171081    2.10118E-03
       2.170610    2.09667E-03
       2.170139    2.05847E-03
       2.169668    2.06876E-03
       2.169197    2.06949E-03
       2.168727    1.73083E-03
       2.168257    2.03337E-03
       2.167787    1.99578E-03
       2.167317    1.88471E-03
       2.166847    1.82394E-03
       2.166378    1.86686E-03
       2.165909    1.90069E-03
       2.165440    1.92095E-03
       2.164971    1.96772E-03
       2.164502    2.02967E-03
       2.164034    2.05940E-03
       2.163566    1.52340E-03
       2.163098    2.05043E-03
       2.162630    2.03731E-03
       2.162162    2.10452E-03
       2.161695    2.12097E-03
       2.161227    1.98269E-03
       2.160761    2.05045E-03
       2.160294    2.13457E-03
       2.159827    2.07128E-03
       2.159361    2.13888E-03
       2.158895    1.98957E-03
       2.158429    2.16254E-03
       2.157963    2.13907E-03
       2.157497    2.15221E-03
       2.157032    2.16548E-03
       2.156567    2.15148E-03
       2.156102    2.17752E-03
       2.155637    2.13648E-03
       2.155172    2.12622E-03
       2.154708    2.11622E-03
       2.154244    2.08059E-03
       2.153780    2.16790E-03
       2.153316    2.07688E-03
       2.152853    2.03991E-03
       2.152389    2.06810E-03
       2.151926    2.01566E-03
       2.151463    1.95386E-03
       2.151000    2.16119E-03
       2.150538    2.16959E-03
       2.150075    2.13214E-03
       2.149613    2.17201E-03
       2.149151    2.17706E-03
       2.148689    2.19178E-03
       2.148228    2.16924E-03
       2.147766    2.21106E-03
       2.147305    2.18115E-03
       2.146844    2.20948E-03
       2.146383    2.20459E-03
       2.145923    2.19422E-03
       2.145462    2.21168E-03
       2.145002    2.22173E-03
       2.144542    2.20839E-03
       2.144082    2.23330E-03
       2.143623    2.22630E-03
       2.143163    2.22157E-03
       2.142704    2.23310E-03
       2.142245    2.23382E-03
       2.141786    2.24701E-03
       2.141328    2.25273E-03
       2.140869    2.25391E-03
       2.140411    2.25402E-03
       2.139953    2.24985E-03
       2.139495    2.24540E-03
       2.139037    2.24708E-03
       2.138580    2.25093E-03
       2.138123    2.26423E-03
       2.137666    2.26038E-03
       2.137209    2.24736E-03
       2.136752    2.23421E-03
       2.136296    2.21230E-03
       2.135839    2.12344E-03
       2.135383    2.23968E-03
       2.134928    2.24561E-03
       2.134472    2.27374E-03
       2.134016    2.27668E-03
       2.133561    2.27638E-03
       2.133106    2.28022E-03
       2.132651    2.27707E-03
       2.132196    2.28349E-03
       2.131742    2.28540E-03
       2.131287    2.28682E-03
       2.130833    2.28268E-03
       2.130379    2.28290E-03
       2.129925    2.28366E-03
       2.129472    2.28135E-03
       2.129019    2.28115E-03
       2.128565    2.28397E-03
       2.128112    2.25220E-03
       2.127660    1.87477E-03
       2.127207    2.26280E-03
       2.126755    2.27169E-03
       2.126302    2.27568E-03
       2.125850    2.28770E-03
       2.125398    2.27546E-03
       2.124947    2.16915E-03
       2.124496    2.04770E-03
       2.124044    2.25560E-03
       2.123593    2.26438E-03
       2.123142    2.27790E-03
       2.122692    2.27946E-03
       2.122241    2.30535E-03
       2.121791    2.28547E-03
       2.121341    2.26379E-03
       2.120891    2.27329E-03
       2.120441    2.19434E-03
       2.119992    2.14918E-03
       2.119542    2.26133E-03
       2.119093    2.27319E-03
       2.118644    1.89760E-03
       2.118195    2.27287E-03
       2.117747    2.26225E-03
       2.117298    2.26029E-03
       2.116850    2.28828E-03
       2.116402    2.22461E-03
       2.115954    2.29258E-03
       2.115507    2.26382E-03
       2.115059    2.31304E-03
       2.114612    2.30776E-03
       2.114165    2.30983E-03
       2.113718    2.34177E-03
       2.113271    2.30310E-03
       2.112825    2.31981E-03
       2.112379    2.22241E-03
       2.111933    2.08102E-03
       2.111486    2.30707E-03
       2.111041    2.28251E-03
       2.110595    2.28880E-03
       2.110150    2.25564E-03
       2.109705    2.14607E-03
       2.109260    2.30746E-03
       2.108815    2.26501E-03
       2.108370    2.30857E-03
       2.107926    2.32039E-03
       2.107481    2.31228E-03
       2.107038    2.32719E-03
       2.106594    2.30798E-03
       2.106150    2.34777E-03
       2.105706    2.33513E-03
       2.105263    2.31670E-03
       2.104820    2.31671E-03
       2.104377    2.33755E-03
       2.103934    2.32169E-03
       2.103492    2.35235E-03
       2.103050    2.31233E-03
       2.102607    2.31864E-03
       2.102165    2.33906E-03
       2.101723    1.84719E-03
       2.101282    2.29989E-03
       2.100840    2.36270E-03
       2.100399    2.18813E-03
       2.099958    2.29299E-03
       2.099517    2.35333E-03
       2.099077    2.26745E-03
       2.098636    1.84114E-03
       2.098196    2.34406E-03
       2.097755    2.31109E-03
       2.097316    2.29358E-03
       2.096876    2.30512E-03
       2.096436    2.34260E-03
       2.095997    2.26475E-03
       2.095557    2.29629E-03
       2.095118    2.24342E-03
       2.094680    2.30244E-03
       2.094241    2.21510E-03
       2.093802    2.00298E-03
       2.093364    2.17556E-03
       2.092926    2.29130E-03
       2.092488    2.08590E-03
       2.092050    2.30730E-03
       2.091613    2.08831E-03
       2.091175    2.34812E-03
       2.090738    2.11664E-03
       2.090301    2.18074E-03
       2.089864    2.11829E-03
       2.089427    2.21286E-03
       2.088991    2.20912E-03
       2.088555    2.00053E-03
       2.088119    2.39559E-03
       2.087683    2.01351E-03
       2.087247    2.20285E-03
       2.086811    2.18180E-03
       2.086376    2.08989E-03
       2.085941    2.16442E-03
       2.085506    1.94980E-03
       2.085071    2.05055E-03
       2.084636    1.86771E-03
       2.084202    2.08122E-03
       2.083767    2.09678E-03
       2.083333    1.93542E-03
       2.082899    2.06845E-03
       2.082466    2.15779E-03
       2.082032    2.10388E-03
       2.081599    2.21488E-03
       2.081166    2.10766E-03
       2.080732    2.30046E-03
       2.080300    2.18915E-03
       2.079867    2.25557E-03
       2.079434    2.12937E-03
       2.079002    2.28626E-03
       2.078570    2.02574E-03
       2.078138    2.04206E-03
       2.077706    1.58937E-03
       2.077275    2.16416E-03
       2.076843    1.61797E-03
       2.076412    2.12895E-03
       2.075981    1.66885E-03
       2.075550    1.92623E-03
       2.075119    1.30589E-03
       2.074689    2.13819E-03
       2.074259    1.42905E-03
       2.073828    1.93828E-03
       2.073398    1.19889E-03
       2.072968    2.28193E-03
       2.072539    1.15049E-03
       2.072109    1.88096E-03
       2.071680    1.10723E-03
       2.071251    1.26690E-03
       2.070822    1.80920E-03
       2.070393    9.86275E-04
       2.069965    1.90274E-03
       2.069536    9.96037E-04
       2.069108    1.96723E-03
       2.068680    9.93875E-04
       2.068252    1.90409E-03
       2.067825    9.99511E-04
       2.067397    9.59506E-04
       2.066970    1.92163E-03
       2.066543    8.80303E-04
       2.066116    1.68865E-03
       2.065689    9.75114E-04
       2.065262    9.32826E-04
       2.064836    1.81364E-03
       2.064409    8.35452E-04
       2.063983    1.83194E-03
       2.063558    9.64337E-04
       2.063132    9.66971E-04
       2.062706    1.84948E-03
       2.062281    9.72861E-04
       2.061856    1.27360E-03
       2.061431    2.11558E-03
       2.061006    1.35091E-03
       2.060581    2.10303E-03
       2.060157    1.75062E-03
       2.059732    2.25382E-03
       2.059308    1.31707E-03
       2.058884    1.05643E-03
       2.058460    2.01130E-03
       2.058037    8.59327E-04
       2.057613    9.38671E-04
       2.057190    1.71706E-03
       2.056767    7.52749E-04
       2.056344    8.14164E-04
       2.055921    1.68885E-03
       2.055498    7.42343E-04
       2.055076    8.72026E-04
       2.054654    1.42592E-03
       2.054232    9.20133E-04
       2.053810    7.71386E-04
       2.053388    8.15190E-04
       2.052967    1.79467E-03
       2.052545    8.74606E-04
       2.052124    1.04160E-03
       2.051703    9.59453E-04
       2.051282    1.99922E-03
       2.050861    1.08374E-03
       2.050441    1.15787E-03
       2.050020    1.23170E-03
       2.049600    1.94438E-03
       2.049180    1.47476E-03
       2.048760    1.41613E-03
       2.048341    1.65677E-03
       2.047921    1.65708E-03
       2.047502    1.73145E-03
       2.047083    2.01876E-03
       2.046664    2.38027E-03
       2.046245    2.16925E-03
       2.045826    2.21418E-03
       2.045408    2.29564E-03
       2.044990    2.18661E-03
       2.044572    2.14112E-03
       2.044154    2.20902E-03
       2.043736    2.12207E-03
       2.043318    2.17250E-03
       2.042901    2.41721E-03
       2.042484    2.12316E-03
       2.042067    2.17282E-03
       2.041650    2.18012E-03
       2.041233    2.47911E-03
       2.040816    2.12110E-03
       2.040400    1.83515E-03
       2.039984    1.89840E-03
       2.039568    2.24185E-03
       2.039152    2.55353E-03
       2.038736    2.24016E-03
       2.038321    2.11789E-03
       2.037905    2.31331E-03
       2.037490    2.30745E-03
       2.037075    2.42386E-03
       2.036660    2.44206E-03
       2.036245    2.37720E-03
       2.035831    2.40952E-03
       2.035416    2.34371E-03
       2.035002    2.33082E-03
       2.034588    2.44398E-03
       2.034174    2.26768E-03
       2.033760    2.48682E-03
       2.033347    1.80437E-03
       2.032933    2.39073E-03
       2.032520    2.33483E-03
       2.032107    2.35802E-03
       2.031694    2.43256E-03
       2.031282    2.13796E-03
       2.030869    2.27574E-03
       2.030457    1.84209E-03
       2.030045    2.41221E-03
       2.029633    2.22398E-03
       2.029221    2.02100E-03
       2.028809    1.78807E-03
       2.028398    1.74254E-03
       2.027986    1.78957E-03
       2.027575    1.54395E-03
       2.027164    2.29387E-03
       2.026753    1.42955E-03
       2.026342    2.22739E-03
       2.025932    2.14603E-03
       2.025522    1.24879E-03
       2.025111    1.92906E-03
       2.024701    1.07975E-03
       2.024292    1.98727E-03
       2.023882    9.13636E-04
       2.023472    1.54001E-03
       2.023063    8.11602E-04
       2.022654    1.79271E-03
       2.022245    7.36163E-04
       2.021836    1.61629E-03
       2.021427    5.36471E-04
       2.021019    1.51134E-03
       2.020610    4.32897E-04
       2.020202    1.17933E-03
       2.019794    4.66790E-04
       2.019386    1.09466E-03
       2.018978    3.41736E-04
       2.018571    1.10695E-03
       2.018163    2.45480E-04
       2.017756    8.39228E-04
       2.017349    2.50202E-04
       2.016942    5.91514E-04
       2.016536    2.34099E-04
       2.016129    8.67033E-04
       2.015723    1.95947E-04
       2.015316    7.70268E-04
       2.014910    2.18842E-04
       2.014504    2.91810E-04
       2.014099    6.56449E-04
       2.013693    2.70985E-04
       2.013288    5.73255E-04
       2.012882    1.60039E-04
       2.012477    6.54835E-04
       2.012072    3.06825E-04
       2.011668    2.66168E-04
       2.011263    7.70027E-04
       2.010859    2.41521E-04
       2.010454    6.67741E-04
       2.010050    5.16108E-04
       2.009646    4.29019E-04
       2.009243    1.43197E-03
       2.008839    1.12521E-03
       2.008435    6.99195E-04
       2.008032    4.21416E-04
       2.007629    9.06813E-04
       2.007226    2.23172E-04
       2.006823    1.65726E-04
       2.006421    4.91968E-04
       2.006018    1.38620E-04
       2.005616    1.70273E-04
       2.005213    1.65713E-04
       2.004812    2.56950E-04
       2.004410    1.00792E-04
       2.004008    1.34294E-04
       2.003607    2.19987E-04
       2.003205    4.27749E-04
       2.002804    1.32649E-04
       2.002403    2.02055E-04
       2.002002    2.50437E-04
       2.001601    3.43223E-04
       2.001201    2.93593E-04
       2.000800    4.60605E-04
       2.000400    5.23375E-04
       2.000000    6.87846E-04
       1.999600    7.61623E-04
       1.999200    8.98528E-04
       1.998801    1.12440E-03
       1.998401    8.80420E-04
       1.998002    7.73032E-04
       1.997603    1.38367E-03
       1.997204    1.66435E-03
       1.996805    1.29020E-03
       1.996406    1.76094E-03
       1.996008    2.25653E-03
       1.995610    1.50177E-03
       1.995211    2.54178E-03
       1.994813    2.22998E-03
       1.994416    2.35738E-03
       1.994018    1.35690E-03
       1.993620    2.67894E-03
       1.993223    2.68057E-03
       1.992826    2.75816E-03
       1.992429    2.69564E-03
       1.992032    2.56882E-03
       1.991635    2.76196E-03
       1.991239    2.80939E-03
       1.990842    1.73384E-03
       1.990446    1.92640E-03
       1.990050    1.03862E-03
       1.989654    2.09573E-03
       1.989258    2.63303E-03
       1.988862    2.82511E-03
       1.988467    2.75605E-03
       1.988072    2.50632E-03
       1.987676    2.59265E-03
       1.987281    1.26021E-03
       1.986887    1.01468E-03
       1.986492    2.53859E-03
       1.986097    2.73183E-03
       1.985703    2.75139E-03
       1.985309    1.64632E-03
       1.984915    2.66326E-03
       1.984521    2.65503E-03
       1.984127    2.76061E-03
       1.983733    2.85353E-03
       1.983340    2.68239E-03
       1.982947    1.62428E-03
       1.982553    2.59471E-03
       1.982161    2.76774E-03
       1.981768    2.63417E-03
       1.981375    2.66424E-03
       1.980983    2.57164E-03
       1.980590    1.03974E-03
       1.980198    1.30183E-03
       1.979806    4.96279E-04
       1.979414    2.30431E-03
       1.979022    2.67068E-03
       1.978631    1.96186E-03
       1.978239    2.75423E-03
       1.977848    1.97827E-03
       1.977457    2.13427E-03
       1.977066    2.26354E-03
       1.976675    2.79116E-03
       1.976285    1.67017E-03
       1.975894    1.60963E-03
       1.975504    1.76058E-03
       1.975114    2.51885E-03
       1.974724    1.79538E-03
       1.974334    7.63292E-04
       1.973944    1.11695E-03
       1.973554    2.17133E-03
       1.973165    1.49271E-03
       1.972776    2.40442E-03
       1.972387    7.84629E-04
       1.971998    1.44792E-03
       1.971609    3.91500E-04
       1.971220    1.26412E-03
       1.970832    1.15542E-03
       1.970443    2.41870E-03
       1.970055    1.17246E-03
       1.969667    2.22364E-03
       1.969279    9.03513E-04
       1.968892    1.12123E-03
       1.968504    1.81831E-03
       1.968117    3.33806E-04
       1.967729    1.64495E-03
       1.967342    7.79679E-04
       1.966955    1.92561E-03
       1.966568    9.14304E-04
       1.966182    8.77673E-04
       1.965795    6.61227E-04
       1.965409    4.31891E-04
       1.965023    1.67256E-03
       1.964637    4.49235E-04
       1.964251    8.70275E-04
       1.963865    4.76885E-04
       1.963479    1.47398E-04
       1.963094    7.96927E-04
       1.962709    1.68737E-04
       1.962323    1.51928E-03
       1.961938    4.32235E-04
       1.961554    1.13860E-03
       1.961169    3.95529E-04
       1.960784    7.62915E-04
       1.960400    2.03559E-03
       1.960016    9.08882E-04
       1.959632    2.91541E-04
       1.959248    2.43436E-04
       1.958864    2.89976E-04
       1.958480    3.67959E-04
       1.958097    4.39393E-04
       1.957713    2.68228E-04
       1.957330    1.94357E-04
       1.956947    4.48316E-04
       1.956564    1.35276E-04
       1.956182    3.17221E-04
       1.955799    2.54723E-04
       1.955417    3.20886E-04
       1.955034    5.28033E-04
       1.954652    4.80257E-04
       1.954270    1.49140E-04
       1.953888    9.34492E-04
       1.953507    1.27666E-04
       1.953125    1.82267E-04
       1.952744    5.22134E-04
       1.952362    3.64512E-04
       1.951981    1.41405E-03
       1.951600    1.25845E-03
       1.951220    1.09640E-03
       1.950839    3.35296E-04
       1.950458    5.80326E-04
       1.950078    4.17599E-04
       1.949698    8.72657E-04
       1.949318    2.45210E-04
       1.948938    6.74062E-04
       1.948558    2.86278E-04
       1.948178    1.89788E-04
       1.947799    8.66274E-04
       1.947420    3.03160E-04
       1.947041    2.16445E-04
       1.946661    1.36230E-03
       1.946283    6.42915E-04
       1.945904    4.41770E-04
       1.945525    5.76608E-04
       1.945147    3.41275E-04
       1.944769    2.75296E-05
       1.944390    2.89014E-04
       1.944012    5.74186E-04
       1.943635    2.56083E-05
       1.943257    1.37297E-03
       1.942879    9.71890E-04
       1.942502    1.77383E-03
       1.942125    7.20405E-04
       1.941748    1.77971E-04
       1.941371    7.94462E-05
       1.940994    7.91387E-05
       1.940617    4.23961E-04
       1.940241    6.35688E-04
       1.939864    3.64206E-06
       1.939488    2.89890E-05
       1.939112    1.08622E-06
       1.938736    3.47841E-04
       1.938360    1.58345E-04
       1.937984    9.34278E-06
       1.937609    5.21459E-04
       1.937234    4.24240E-04
       1.936858    2.09798E-04
       1.936483    3.18529E-06
       1.936108    4.20043E-04
       1.935734    3.62540E-04
       1.935359    1.24634E-03
       1.934985    1.30042E-03
       1.934610    1.11157E-04
       1.934236    4.33430E-05
       1.933862    6.08122E-06
       1.933488    4.48936E-04
       1.933114    1.62539E-04
       1.932741    2.16023E-04
       1.932367    8.00374E-04
       1.931994    2.78929E-05
       1.931621    6.74013E-05
       1.931248    8.39421E-06
       1.930875    1.02043E-05
       1.930502    2.26307E-05
       1.930129    4.27337E-06
       1.929757    4.29470E-04
       1.929384    2.73192E-04
       1.929012    5.27089E-05
       1.928640    6.80433E-07
       1.928268    3.51227E-05
       1.927897    1.46368E-04
       1.927525    1.78920E-05
       1.927154    7.58242E-07
       1.926782    8.81269E-06
       1.926411    3.02391E-04
       1.926040    1.27647E-04
       1.925669    7.53358E-04
       1.925298    6.90099E-04
       1.924928    9.28583E-05
       1.924557    2.51706E-06
       1.924187    7.24390E-07
       1.923817    1.19664E-06
       1.923447    2.16398E-04
       1.923077    3.78100E-04
       1.922707    3.30673E-04
       1.922338    2.89651E-04
       1.921968    1.90496E-04
       1.921599    6.27796E-06
       1.921230    7.79617E-07
       1.920861    5.66106E-07
       1.920492    6.33710E-07
       1.920123    7.90935E-07
       1.919754    5.92440E-07
       1.919386    7.04572E-06
       1.919017    1.22436E-04
       1.918649    3.38067E-04
       1.918281    4.35308E-04
       1.917913    4.98405E-04
       1.917546    2.94220E-04
       1.917178    1.39757E-05
       1.916810    2.30632E-06
       1.916443    9.31948E-07
       1.916076    8.62350E-07
       1.915709    8.26432E-05
       1.915342    6.95109E-05
       1.914975    7.88116E-06
       1.914608    1.65207E-06
       1.914242    9.82249E-07
       1.913876    5.96723E-07
       1.913509    6.48020E-07
       1.913143    2.06058E-06
       1.912777    4.83918E-06
       1.912412    1.42304E-05
       1.912046    2.50598E-06
       1.911680    6.43243E-07
       1.911315    1.01345E-06
       1.910950    8.76722E-06
       1.910585    8.33800E-07
       1.910220    5.41518E-05
       1.909855    5.82382E-05
       1.909490    1.35442E-04
       1.909126    8.55330E-06
       1.908761    2.51458E-05
       1.908397    1.48258E-04
       1.908033    9.53707E-05
       1.907669    4.94773E-05
       1.907305    1.60993E-06
       1.906941    6.21625E-07
       1.906578    7.08927E-07
       1.906214    9.48246E-07
       1.905851    7.69485E-07
       1.905488    5.45986E-07
       1.905125    8.35590E-07
       1.904762    1.29004E-06
       1.904399    1.13666E-05
       1.904037    2.72377E-05
       1.903674    5.05372E-06
       1.903312    7.77561E-07
       1.902950    5.32463E-07
       1.902588    1.03552E-06
       1.902226    2.05263E-05
       1.901864    4.37279E-05
       1.901502    1.37098E-05
       1.901141    4.09963E-06
       1.900779    1.01006E-06
       1.900418    6.88633E-07
       1.900057    8.76737E-07
       1.899696    4.82793E-07
       1.899335    9.06686E-07
       1.898975    7.12627E-07
       1.898614    2.33329E-06
       1.898254    3.90751E-06
       1.897893    6.87375E-07
       1.897533    2.63916E-06
       1.897173    9.53106E-05
       1.896813    1.73672E-04
       1.896454    4.91084E-05
       1.896094    1.44455E-04
       1.895735    2.11302E-04
       1.895375    4.30716E-04
       1.895016    8.17117E-05
       1.894657    1.25559E-04
       1.894298    3.91110E-05
       1.893939    7.57374E-07
       1.893581    3.89778E-06
       1.893222    1.29134E-05
       1.892864    7.01975E-06
       1.892506    1.96182E-06
       1.892148    6.63891E-07
       1.891790    5.86386E-06
       1.891432    1.26100E-05
       1.891074    4.07456E-05
       1.890717    2.16041E-06
       1.890359    5.42236E-07
       1.890002    8.87157E-07
       1.889645    3.67878E-06
       1.889288    1.44188E-04
       1.888931    1.50701E-04
       1.888574    3.46122E-04
       1.888218    4.71699E-04
       1.887861    4.32563E-04
       1.887505    1.09015E-04
       1.887148    1.24565E-05
       1.886792    8.69854E-07
       1.886436    8.83159E-05
       1.886081    1.54285E-04
       1.885725    3.39364E-06
       1.885370    4.11458E-05
       1.885014    2.10225E-05
       1.884659    4.03421E-06
       1.884304    6.34918E-07
       1.883949    9.29416E-07
       1.883594    1.03987E-05
       1.883239    1.29394E-04
       1.882885    1.03176E-04
       1.882530    2.61937E-04
       1.882176    2.67721E-04
       1.881822    2.32844E-05
       1.881468    5.10610E-06
       1.881114    1.06124E-06
       1.880760    2.03702E-06
       1.880406    1.30604E-05
       1.880053    2.47026E-04
       1.879699    1.27412E-04
       1.879346    3.53015E-05
       1.878993    1.84478E-04
       1.878640    6.30699E-05
       1.878287    1.73549E-06
       1.877934    8.32472E-06
       1.877582    1.33842E-06
       1.877229    5.06803E-07
       1.876877    7.37560E-07
       1.876525    1.14932E-06
       1.876173    1.18236E-06
       1.875821    1.45515E-06
       1.875469    5.51988E-07
       1.875117    9.89258E-07
       1.874766    1.64982E-06
       1.874414    1.21031E-06
       1.874063    6.22824E-07
       1.873712    8.11759E-07
       1.873361    5.54004E-07
       1.873010    5.09809E-07
       1.872659    1.08685E-06
       1.872309    1.60058E-06
       1.871958    9.50954E-07
       1.871608    7.59635E-07
       1.871258    7.99328E-07
       1.870907    5.56791E-07
       1.870557    1.09323E-06
       1.870208    9.16743E-07
       1.869858    9.98475E-07
       1.869508    7.57631E-07
       1.869159    1.71717E-06
       1.868810    1.48949E-06
       1.868460    1.16096E-06
       1.868111    5.98465E-07
       1.867762    6.56270E-07
       1.867414    7.39024E-07
       1.867065    2.46011E-06
       1.866717    1.57042E-05
       1.866368    1.03216E-04
       1.866020    1.28903E-04
       1.865672    7.40536E-05
       1.865324    1.84951E-05
       1.864976    4.03940E-06
       1.864628    1.11110E-06
       1.864280    8.85833E-07
       1.863933    8.40346E-06
       1.863586    5.43865E-05
       1.863238    1.08779E-05
       1.862891    1.44411E-05
       1.862544    3.53541E-05
       1.862197    9.02852E-05
       1.861851    1.20620E-04
       1.861504    2.01762E-05
       1.861158    1.96584E-06
       1.860811    7.05078E-07
       1.860465    8.31688E-07
       1.860119    9.42374E-07
       1.859773    5.13022E-07
       1.859427    1.05842E-06
       1.859082    4.22501E-06
       1.858736    1.30781E-05
       1.858391    3.96345E-05
       1.858045    2.16464E-05
       1.857700    1.27864E-06
       1.857355    1.25898E-06
       1.857010    1.03023E-06
       1.856665    5.57245E-07
       1.856321    1.37080E-06
       1.855976    4.99537E-06
       1.855632    3.69641E-05
       1.855288    1.77391E-05
       1.854943    2.14563E-06
       1.854599    1.89119E-06
       1.854256    8.68951E-07
       1.853912    6.10330E-07
       1.853568    1.20430E-06
       1.853225    1.04169E-06
       1.852881    7.80796E-07
       1.852538    4.35474E-06
       1.852195    3.88057E-05
       1.851852    9.60605E-05
       1.851509    9.96654E-05
       1.851166    2.79021E-06
       1.850824    1.65413E-06
       1.850481    9.16878E-07
       1.850139    3.66410E-06
       1.849797    1.31234E-05
       1.849454    2.02089E-06
       1.849112    1.38440E-06
       1.848771    7.99276E-07
       1.848429    8.61406E-07
       1.848087    6.40392E-07
       1.847746    1.05260E-06
       1.847404    9.07237E-07
       1.847063    4.99931E-07
       1.846722    9.90307E-07
       1.846381    1.00789E-06
       1.846040    7.08469E-06
       1.845700    1.46856E-05
       1.845359    1.11694E-04
       1.845019    8.59610E-05
       1.844678    1.07022E-04
       1.844338    4.70026E-05
       1.843998    3.34779E-06
       1.843658    3.53924E-06
       1.843318    1.39235E-05
       1.842978    6.33057E-06
       1.842639    8.48058E-07
       1.842299    9.34972E-07
       1.841960    6.49087E-07
       1.841621    7.85281E-07
       1.841282    1.53120E-06
       1.840943    2.66446E-06
       1.840604    1.06584E-06
       1.840265    1.03814E-06
       1.839926    6.17218E-07
       1.839588    1.18304E-06
       1.839250    4.84616E-06
       1.838911    9.48798E-06
       1.838573    1.53017E-06
       1.838235    1.24519E-06
       1.837897    7.21393E-07
       1.837560    8.63088E-07
       1.837222    1.53148E-06
       1.836885    1.81362E-06
       1.836547    8.49205E-07
       1.836210    7.59894E-07
       1.835873    1.19658E-06
       1.835536    1.81083E-06
       1.835199    9.25621E-07
       1.834862    1.06274E-06
       1.834526    3.37407E-06
       1.834189    2.52037E-05
       1.833853    1.04533E-04
       1.833517    4.71972E-05
       1.833181    9.13199E-06
       1.832845    1.07393E-06
       1.832509    1.78503E-06
       1.832173    4.59903E-05
       1.831837    2.96324E-05
       1.831502    1.80892E-06
       1.831167    8.37023E-07
       1.830831    4.07538E-06
       1.830496    6.03810E-06
       1.830161    9.77426E-07
       1.829826    1.10320E-05
       1.829491    3.08567E-05
       1.829157    1.19414E-06
       1.828822    1.00132E-06
       1.828488    2.23565E-06
       1.828154    2.65753E-06
       1.827819    3.82446E-05
       1.827485    1.37697E-04
       1.827151    7.63034E-05
       1.826818    4.42307E-06
       1.826484    7.80404E-07
       1.826150    9.35109E-07
       1.825817    2.54802E-05
       1.825484    1.04926E-04
       1.825151    2.48595E-04
       1.824818    1.28591E-04
       1.824485    7.38311E-04
       1.824152    8.52668E-04
       1.823819    9.47059E-04
       1.823486    6.77040E-04
       1.823154    4.18437E-04
       1.822822    4.08469E-06
       1.822490    6.47465E-06
       1.822157    1.07291E-06
       1.821826    2.98357E-06
       1.821494    1.72241E-06
       1.821162    1.58850E-05
       1.820830    1.12306E-06
       1.820499    7.97976E-07
       1.820167    1.99365E-06
       1.819836    2.83169E-05
       1.819505    3.77404E-04
       1.819174    5.02160E-04
       1.818843    1.83385E-05
       1.818512    2.44236E-06
       1.818182    3.34764E-04
       1.817851    9.02172E-04
       1.817521    8.38392E-04
       1.817191    1.29441E-04
       1.816860    1.08501E-04
       1.816530    3.47054E-04
       1.816200    5.43729E-05
       1.815871    2.70611E-05
       1.815541    1.09364E-06
       1.815211    7.23978E-05
       1.814882    1.03936E-04
       1.814553    1.22967E-03
       1.814224    1.47804E-03
       1.813894    1.04249E-03
       1.813565    3.02531E-04
       1.813237    2.97258E-04
       1.812908    1.34297E-06
       1.812579    4.92205E-05
       1.812251    9.70580E-05
       1.811922    2.55169E-04
       1.811594    8.42804E-04
       1.811266    1.72934E-05
       1.810938    2.36200E-05
       1.810610    4.49960E-05
       1.810282    7.93763E-04
       1.809955    1.41674E-03
       1.809627    9.29684E-04
       1.809300    1.40721E-03
       1.808972    2.87038E-04
       1.808645    9.22325E-04
       1.808318    2.28259E-03
       1.807991    1.58444E-03
       1.807665    2.44681E-04
       1.807338    1.27640E-04
       1.807011    1.31570E-03
       1.806685    1.71146E-04
       1.806358    1.05882E-05
       1.806032    1.66965E-04
       1.805706    1.75845E-04
       1.805380    1.90100E-03
       1.805054    2.63551E-03
       1.804728    1.65723E-03
       1.804403    1.72545E-03
       1.804077    8.75782E-04
       1.803752    8.58346E-04
       1.803427    7.37669E-04
       1.803101    1.92659E-03
       1.802776    1.67971E-04
       1.802451    5.19138E-04
       1.802127    2.45345E-04
       1.801802    3.48139E-04
       1.801477    5.49792E-04
       1.801153    1.06600E-05
       1.800828    5.63940E-04
       1.800504    6.95330E-05
       1.800180    6.24499E-04
       1.799856    2.05160E-04
       1.799532    2.28053E-03
       1.799208    3.10173E-03
       1.798885    3.32399E-03
       1.798561    3.23358E-03
       1.798238    8.80474E-04
       1.797914    2.41663E-03
       1.797591    2.87497E-03
       1.797268    2.47803E-03
       1.796945    3.43003E-04
       1.796622    2.85317E-03
       1.796300    1.64930E-03
       1.795977    1.25411E-03
       1.795655    3.13015E-03
       1.795332    8.40569E-04
       1.795010    2.61879E-03
       1.794688    2.45106E-03
       1.794366    2.46600E-03
       1.794044    4.52635E-04
       1.793722    1.31030E-03
       1.793400    1.03267E-03
       1.793079    3.18600E-03
       1.792757    1.34058E-03
       1.792436    1.48532E-03
       1.792115    2.37618E-03
       1.791794    2.55763E-03
       1.791473    1.71864E-03
       1.791152    2.73506E-03
       1.790831    1.29989E-03
       1.790510    1.45854E-03
       1.790190    3.47029E-03
       1.789869    3.82891E-03
       1.789549    3.97192E-03
       1.789229    3.90764E-03
       1.788909    1.66006E-03
       1.788589    3.73711E-03
       1.788269    3.91777E-03
       1.787949    3.78963E-03
       1.787630    2.78259E-03
       1.787310    2.58229E-03
       1.786991    1.31118E-03
       1.786671    3.04000E-03
       1.786352    2.97163E-03
       1.786033    1.31378E-03
       1.785714    1.69087E-03
       1.785396    3.48077E-03
       1.785077    1.48074E-03
       1.784758    1.25239E-04
       1.784440    2.81883E-03
       1.784121    1.72142E-03
       1.783803    3.51518E-03
       1.783485    3.21052E-03
       1.783167    3.88187E-03
       1.782849    4.04751E-03
       1.782531    3.52248E-03
       1.782214    4.02606E-03
       1.781896    3.33005E-03
       1.781578    2.15003E-03
       1.781261    5.38053E-04
       1.780944    3.13544E-03
       1.780627    3.93046E-03
       1.780310    3.83907E-03
       1.779993    3.99316E-03
       1.779676    3.55160E-03
       1.779359    3.09581E-03
       1.779043    2.05943E-03
       1.778726    1.36457E-03
       1.778410    2.22954E-03
       1.778094    3.90206E-03
       1.777778    3.31919E-03
