TS  3    2    2    1    3    3    3    3    3    3    1    0    0 283.1501.00   
    1    1    1    0    0    0  23.00000   0.00000   0.00000   0.00000   1.00000
 -99.000 -99.000 -99.000 -99
 -99.00000 -99.00000 -99.00000  0.833280  0.000801 ! H2O & O3 COLUMNS [GM/CM2]
   36MIDLATITUDE WINTER  
 100.00000   1.00000 180.00000  99.00000   0.00000   0.00000    0
    1    2  241    0
  43.68000  77.49000   9.51387  59.79161  16.00000   0.00000   0.00000   0.00000
      3840     28615         1         1
    0   0    0.000  0    0.000  0    1.000
 -9999.
